V2:
  w_pos: 0.99971361475371
  w_neg: 0.00028638524629000055

V:
  w_pos: 0.983356354930869
  w_neg: 0.016643645069130925
